   0.192581402E-10   0.000000000E+00
   0.288872086E-10   0.000000000E+00
   0.385162770E-10   0.000000000E+00
   0.481453453E-10   0.000000000E+00
   0.577744137E-10   0.000000000E+00
   0.674034856E-10   0.000000000E+00
   0.770325609E-10   0.000000000E+00
   0.866616362E-10   0.000000000E+00
   0.962907115E-10   0.000000000E+00
   0.105919787E-09   0.000000000E+00
   0.115548862E-09   0.000000000E+00
   0.125177937E-09   0.000000000E+00
   0.134807013E-09   0.000000000E+00
   0.144436088E-09   0.000000000E+00
   0.154065163E-09   0.000000000E+00
   0.163694239E-09   0.000000000E+00
   0.173323314E-09   0.000000000E+00
   0.182952389E-09   0.000000000E+00
   0.192581465E-09   0.000000000E+00
   0.202210540E-09   0.000000000E+00
   0.211839615E-09   0.690577627E-13
   0.221468691E-09   0.145159126E-12
   0.231097766E-09   0.582375424E-11
   0.240726827E-09   0.118096531E-10
   0.250355903E-09   0.202225348E-09
   0.259984978E-09   0.396673250E-09
   0.269614053E-09   0.347654527E-08
   0.279243129E-09   0.660945476E-08
   0.288872204E-09   0.359234704E-07
   0.298501279E-09   0.666055939E-07
   0.308130355E-09   0.248453830E-06
   0.317759430E-09   0.453157242E-06
   0.327388505E-09   0.125974225E-05
   0.337017581E-09   0.228393696E-05
   0.346646656E-09   0.511137569E-05
   0.356275731E-09   0.928081499E-05
   0.365904806E-09   0.181416690E-04
   0.375533882E-09   0.329079448E-04
   0.385162957E-09   0.600710046E-04
   0.394792032E-09   0.107396394E-03
   0.404421108E-09   0.189112121E-03
   0.414050183E-09   0.328454538E-03
   0.423679258E-09   0.559948850E-03
   0.433308334E-09   0.938121520E-03
   0.442937409E-09   0.154290744E-02
   0.452566484E-09   0.249017170E-02
   0.462195560E-09   0.394494412E-02
   0.471824635E-09   0.613309909E-02
   0.481453710E-09   0.935584400E-02
   0.491082786E-09   0.140007082E-01
   0.500711861E-09   0.205453709E-01
   0.510340936E-09   0.295538660E-01
   0.519970011E-09   0.416544974E-01
   0.529599087E-09   0.574960448E-01
   0.539228162E-09   0.776780918E-01
   0.548857237E-09   0.102650270E+00
   0.558486313E-09   0.132578999E+00
   0.568115388E-09   0.167195022E+00
   0.577744463E-09   0.205630928E+00
   0.587373539E-09   0.246276721E+00
   0.597002614E-09   0.286680013E+00
   0.606631689E-09   0.323529094E+00
   0.616260765E-09   0.352753699E+00
   0.625889840E-09   0.369771689E+00
   0.635518915E-09   0.369883925E+00
   0.645147991E-09   0.348812997E+00
   0.654777066E-09   0.303333372E+00
   0.664406141E-09   0.231928468E+00
   0.674035217E-09   0.135348365E+00
   0.683664292E-09   0.170012284E-01
   0.693293367E-09  -0.116975300E+00
   0.702922442E-09  -0.257979870E+00
   0.712551518E-09  -0.395630747E+00
   0.722180593E-09  -0.518763661E+00
   0.731809668E-09  -0.616675854E+00
   0.741438744E-09  -0.680433452E+00
   0.751067819E-09  -0.704032958E+00
   0.760696894E-09  -0.685245514E+00
   0.770325970E-09  -0.625979960E+00
   0.779955045E-09  -0.532073498E+00
   0.789584120E-09  -0.412579894E+00
   0.799213196E-09  -0.278586090E+00
   0.808842271E-09  -0.141831517E+00
   0.818471346E-09  -0.132944472E-01
   0.828100422E-09   0.980276689E-01
   0.837729497E-09   0.185930431E+00
   0.847358572E-09   0.247371703E+00
   0.856987648E-09   0.282360464E+00
   0.866616723E-09   0.293437958E+00
   0.876245798E-09   0.284930438E+00
   0.885874873E-09   0.262071759E+00
   0.895503949E-09   0.230209798E+00
   0.905133024E-09   0.194170684E+00
   0.914762099E-09   0.157841787E+00
   0.924391175E-09   0.123999506E+00
   0.934020195E-09   0.943342075E-01
   0.943649159E-09   0.696051791E-01
   0.953278123E-09   0.498687439E-01
   0.962907087E-09   0.347191244E-01
   0.972536052E-09   0.234999582E-01
   0.982165016E-09   0.154723814E-01
   0.991793980E-09   0.991416257E-02
   0.100142294E-08   0.618541148E-02
   0.101105191E-08   0.376273971E-02
   0.102068087E-08   0.223730179E-02
   0.103030984E-08   0.130211620E-02
   0.103993880E-08   0.740866526E-03
   0.104956777E-08   0.412221707E-03
   0.105919673E-08   0.223426236E-03
   0.106882569E-08   0.115443108E-03
   0.107845466E-08   0.547819145E-04
   0.108808362E-08   0.239631936E-04
   0.109771259E-08   0.112089010E-04
   0.110734155E-08   0.647713432E-05
   0.111697052E-08   0.425776943E-05
   0.112659948E-08   0.386573902E-05
   0.113622844E-08   0.336342600E-05
   0.114585741E-08   0.175686591E-05
   0.115548637E-08  -0.419900545E-06
   0.116511534E-08  -0.126249927E-05
   0.117474430E-08  -0.131422189E-05
   0.118437327E-08  -0.983179689E-06
   0.119400223E-08   0.197671739E-06
   0.120363119E-08   0.740264056E-06
   0.121326016E-08   0.531647402E-06
   0.122288912E-08   0.720157118E-06
   0.123251809E-08   0.818256808E-06
   0.124214705E-08  -0.944906304E-07
   0.125177602E-08  -0.942002544E-06
   0.126140498E-08  -0.464183415E-06
   0.127103394E-08   0.696970091E-07
   0.128066291E-08   0.206941451E-06
   0.129029187E-08   0.289775983E-06
   0.129992084E-08   0.329463091E-06
   0.130954980E-08   0.734994217E-07
   0.131917877E-08  -0.336861348E-07
   0.132880773E-08   0.324268228E-06
   0.133843669E-08  -0.514089322E-07
   0.134806566E-08  -0.178716988E-06
   0.135769462E-08  -0.117093890E-06
   0.136732359E-08   0.127092960E-06
   0.137695255E-08   0.268493011E-06
   0.138658152E-08   0.676415510E-07
   0.139621048E-08   0.394742727E-07
   0.140583944E-08  -0.243032705E-07
   0.141546841E-08   0.464609968E-07
   0.142509737E-08   0.710369576E-07
   0.143472634E-08   0.271566250E-06
   0.144435530E-08  -0.771349846E-07
   0.145398427E-08  -0.151617854E-06
   0.146361323E-08   0.232344263E-06
   0.147324219E-08   0.313734461E-06
   0.148287116E-08  -0.915070615E-07
   0.149250012E-08  -0.953519219E-07
   0.150212909E-08   0.166708077E-06
   0.151175805E-08   0.163095052E-06
   0.152138702E-08  -0.514658680E-07
   0.153101598E-08   0.403229521E-07
   0.154064494E-08   0.120592276E-06
   0.155027391E-08  -0.485078075E-07
   0.155990287E-08   0.176683244E-06
   0.156953184E-08   0.113457681E-06
   0.157916080E-08  -0.482625424E-07
   0.158878977E-08  -0.840525658E-07
   0.159841873E-08   0.260636227E-06
   0.160804770E-08   0.106061378E-06
   0.161767666E-08  -0.147003130E-07
   0.162730562E-08   0.629758503E-07
   0.163693459E-08   0.123132963E-06
   0.164656355E-08   0.115667076E-07
   0.165619252E-08   0.815161627E-07
   0.166582148E-08   0.207724696E-06
   0.167545045E-08  -0.957120250E-07
   0.168507941E-08  -0.143403209E-07
   0.169470837E-08   0.268831940E-06
   0.170433734E-08   0.103526297E-06
   0.171396630E-08  -0.667399007E-07
   0.172359527E-08  -0.990153026E-08
   0.173322423E-08   0.129221945E-06
   0.174285320E-08   0.188990512E-08
   0.175248216E-08   0.199195938E-06
   0.176211112E-08   0.119015056E-06
   0.177174009E-08  -0.823218045E-07
   0.178136905E-08  -0.135082745E-07
   0.179099802E-08   0.160017564E-06
   0.180062698E-08   0.692063793E-07
   0.181025595E-08   0.469668038E-08
   0.181988491E-08   0.422604849E-07
   0.182951387E-08   0.580151571E-07
   0.183914284E-08  -0.314612905E-07
   0.184877180E-08   0.119367400E-06
   0.185840077E-08   0.482740390E-07
   0.186802995E-08  -0.286065376E-07
   0.187765914E-08   0.342225839E-07
   0.188728833E-08   0.220136052E-07
   0.189691751E-08  -0.241445530E-07
   0.190654670E-08   0.502326003E-08
   0.191617588E-08  -0.373055755E-07
   0.192580507E-08  -0.127107214E-06
   0.193543426E-08  -0.180528374E-07
   0.194506344E-08   0.121419987E-06
   0.195469263E-08  -0.732968957E-07
   0.196432182E-08  -0.119719942E-06
   0.197395100E-08   0.205462115E-06
   0.198358019E-08   0.299066784E-06
   0.199320938E-08   0.528631006E-07
   0.200283856E-08   0.180982596E-06
   0.201246775E-08   0.429579785E-06
   0.202209693E-08   0.371840542E-06
   0.203172612E-08   0.438863765E-06
   0.204135531E-08   0.554566213E-06
   0.205098449E-08   0.391566232E-06
   0.206061368E-08   0.293672201E-06
   0.207024287E-08   0.414001676E-06
   0.207987205E-08   0.234872701E-06
   0.208950124E-08  -0.125247297E-07
   0.209913043E-08  -0.825175519E-07
   0.210875961E-08  -0.284384839E-06
   0.211838880E-08  -0.505652906E-06
   0.212801798E-08  -0.665470111E-06
   0.213764717E-08  -0.625096845E-06
   0.214727636E-08  -0.857755026E-06
   0.215690554E-08  -0.796387781E-06
   0.216653473E-08  -0.637624396E-06
   0.217616392E-08  -0.519205742E-06
   0.218579310E-08  -0.324965669E-06
   0.219542229E-08  -0.240989877E-07
   0.220505147E-08   0.165829903E-06
   0.221468066E-08   0.450126834E-06
   0.222430985E-08   0.815152305E-06
   0.223393903E-08   0.105899448E-05
   0.224356822E-08   0.111835936E-05
   0.225319741E-08   0.130873036E-05
   0.226282659E-08   0.123632492E-05
   0.227245578E-08   0.106540233E-05
   0.228208497E-08   0.891473292E-06
   0.229171415E-08   0.673318596E-06
   0.230134334E-08   0.120858445E-06
   0.231097252E-08  -0.260745480E-06
   0.232060171E-08  -0.546409296E-06
   0.233023090E-08  -0.913586973E-06
   0.233986008E-08  -0.111796476E-05
   0.234948927E-08  -0.100610339E-05
   0.235911846E-08  -0.935625508E-06
   0.236874764E-08  -0.655408996E-06
   0.237837683E-08  -0.112407413E-06
   0.238800602E-08   0.321892031E-06
   0.239763520E-08   0.702034299E-06
   0.240726439E-08   0.111041152E-05
   0.241689357E-08   0.121344488E-05
   0.242652276E-08   0.110184533E-05
   0.243615195E-08   0.826971188E-06
   0.244578113E-08   0.465475921E-06
   0.245541032E-08  -0.359313752E-07
   0.246503951E-08  -0.387608964E-06
   0.247466869E-08  -0.730795591E-06
   0.248429788E-08  -0.897976008E-06
   0.249392706E-08  -0.981438802E-06
   0.250355625E-08  -0.676540537E-06
   0.251318544E-08  -0.537044343E-06
   0.252281462E-08  -0.270978546E-06
   0.253244381E-08   0.780107499E-07
   0.254207300E-08   0.210491010E-06
   0.255170218E-08   0.177880864E-06
   0.256133137E-08   0.262009877E-06
   0.257096056E-08   0.325382587E-06
   0.258058974E-08   0.180402068E-06
   0.259021893E-08  -0.551034347E-07
   0.259984811E-08   0.656982024E-09
   0.260947730E-08   0.813357275E-07
   0.261910649E-08   0.548374501E-07
   0.262873567E-08   0.158742299E-07
   0.263836486E-08   0.141101594E-06
   0.264799405E-08   0.100685767E-06
   0.265762323E-08   0.136597421E-06
   0.266725242E-08   0.170572946E-06
   0.267688161E-08   0.206288249E-07
   0.268651079E-08   0.653454180E-08
   0.269613998E-08   0.157229096E-06
   0.270576916E-08   0.136109136E-06
   0.271539835E-08   0.493523089E-08
   0.272502754E-08   0.657923920E-07
   0.273465672E-08   0.181262365E-06
   0.274428591E-08   0.853580602E-07
   0.275391510E-08   0.443081660E-07
   0.276354428E-08   0.123190105E-06
   0.277317347E-08   0.100123607E-06
   0.278280265E-08   0.282977908E-07
   0.279243184E-08   0.103688215E-06
   0.280206103E-08   0.132024056E-06
   0.281169021E-08   0.705766183E-07
   0.282131940E-08   0.106309841E-06
   0.283094859E-08   0.106669908E-06
   0.284057777E-08   0.226853558E-08
   0.285020696E-08   0.952323234E-07
   0.285983615E-08   0.147384753E-06
   0.286946533E-08   0.793616266E-07
   0.287909452E-08   0.401195273E-07
   0.288872370E-08   0.118717203E-06
   0.289835289E-08   0.108497559E-06
